0,0,0,->,0,2,->,2,2,->,2,0,->,0,0,->,2,2
1,0,0,->,1,0,->,1,2,||,0,2,->,2,2
2,0,0,->,2,0,->,2,1,->,0,2,->,2,2
3,0,0,->,2,0,->,1,1,->,2,2,->,0,2
4,0,0,->,0,1,->,2,1,||,2,0,->,2,2
5,2,0,->,0,0,->,0,1,->,2,1,->,0,2
6,2,0,->,0,0,->,0,2,->,2,2,->,2,1,->,0,1
7,0,0,->,2,0,->,1,2,||,1,1,->,2,1
8,0,0,->,0,2,->,2,2,->,2,0,->,0,0,||,0,1,->,2,1
9,2,2,->,2,0,->,0,0,->,0,1,->,2,1
A,0,2,->,0,1,->,1,0,->,2,1,->,2,2,||,0,1,->,2,1
B,0,0,->,2,0,->,1,1,->,2,2,->,0,2,->,0,0,||,0,1,->,1,1
C,2,2,->,0,2,->,0,0,->,2,0
D,0,2,->,0,0,->,1,0,->,2,1,->,2,2,->,0,2
E,2,2,->,0,2,->,0,0,->,2,0,||,0,1,->,2,1
F,0,2,->,0,0,->,2,0,||,0,1,->,2,1
G,2,1,->,2,2,->,0,2,->,0,0,->,2,0,||,2,1,->,1,1
H,0,2,->,0,0,||,2,0,->,2,2,||,0,1,->,2,1
I,0,2,->,2,2,||,0,0,->,2,0,||,1,0,->,1,2
J,0,0,->,2,0,||,1,0,->,1,2,->,0,2
K,0,0,->,0,2,||,2,0,->,0,1,->,2,2
L,0,0,->,0,2,->,2,2
M,0,2,->,0,0,->,1,1,->,2,0,->,2,2
N,0,2,->,0,0,->,2,2,->,2,0
O,0,0,->,0,2,->,2,2,->,2,0,->,0,0
P,0,2,->,0,0,->,2,0,->,2,1,->,0,1
Q,1,1,->,2,2,->,0,2,->,0,0,->,2,0,->,2,2
R,0,2,->,0,0,->,2,0,->,2,1,->,0,1,->,2,2
S,2,0,->,0,0,->,0,1,->,2,1,->,2,2,->,0,2
T,0,0,->,2,0,||,1,0,->,1,2
U,0,0,->,0,2,->,2,2,->,2,0
V,0,0,->,1,2,->,2,0
W,0,0,->,0,2,->,1,1,->,2,2,->,2,0
X,0,0,->,2,2,||,2,0,->,0,2
Y,0,0,->,1,1,->,2,0,||,1,1,->,1,2
Z,0,0,->,2,0,->,0,2,->,2,2
?,0,0,->,2,0,->,2,1,->,1,1,->,1,2
.,1,1,->,2,2,||,2,1,->,1,2
 ,0,0,->,0,0
:,2,0,->,1,1,->,2,2,||,1,0,->,2,1,->,1,2
-,0,1,->,2,1